  +0.00     +0.00     +0.00     +0.00     +0.00     +0.00     +0.00     +0.00     +0.00     +0.00     +0.00     +0.00     +0.00     +0.00
  +0.00     +0.00     -1.19     -1.76     -1.78     +0.00     +0.00     +0.00     +0.00     +0.00     +0.00     +0.00     +0.00     +0.00
  +0.00     -1.15     +0.00     -2.01     +0.00     +0.00     +0.00     +0.00     +0.00     +0.00     +0.00     +0.00     +0.00     +0.00
  +0.00     -1.69     -1.99     +0.00     -6.84     +0.00     +0.00     +0.00     +0.00     +0.00     +0.00     +0.00     +0.00     +0.00
  +0.00     -1.70     +0.00     -6.84     +0.00     +0.00     +0.00     +0.00     +0.00     +0.00     +0.00     +0.00     +0.00     +0.00
  +0.00     +0.00     +0.00     +0.00     +0.00     +0.00     +0.00     +0.00     +0.00     +0.00     -2.09     -1.63     -3.32     +0.00
  +0.00     +0.00     +0.00     +0.00     +0.00     +0.00     +0.00     +0.00     +0.00     +0.00     +0.00     +0.00     +0.00     +0.00
  +0.00     +0.00     +0.00     +0.00     +0.00     +0.00     +0.00     +0.00     +0.00     +0.00     +0.00     +0.00     +0.00     +0.00
  +0.00     +0.00     +0.00     +0.00     +0.00     +0.00     +0.00     +0.00     +0.00     -3.90     +0.00     +0.00     +0.00     -1.42
  +0.00     +0.00     +0.00     +0.00     +0.00     +0.00     +0.00     +0.00     -3.90     +0.00     -1.88     +0.00     +0.00     +0.00
  +0.00     +0.00     +0.00     +0.00     +0.00     -1.96     +0.00     +0.00     +0.00     -1.88     +0.00     +0.00     +0.00     +0.00
  +0.00     +0.00     +0.00     +0.00     +0.00     -1.53     +0.00     +0.00     +0.00     +0.00     +0.00     +0.00     -2.49     +0.00
  +0.00     +0.00     +0.00     +0.00     +0.00     -3.10     +0.00     +0.00     +0.00     +0.00     +0.00     -2.49     +0.00     -1.14
  +0.00     +0.00     +0.00     +0.00     +0.00     +0.00     +0.00     +0.00     -1.42     +0.00     +0.00     +0.00     -1.14     +0.00
